50 120 80
0 0 1
1 1 20
50 1 1000
2
10 40 40
10 40 40
0 10 15 1 9 20 7 0 1 5 5 -6 15 -5 50 2  0 10 15 1 9 80 7 0 1 5 5 -6 15 -5 50 2 
1 10 4 40 8 1 2 4 1 10 50 -2 10 -5 0 12 0 10 15 1 9 20 7 0 1 5 5 -6 15 -5 50 2 
-10 1 1 5 1 50 10 4 11 10 1 -20 10 10 50 -8 0 10 15 1 9 20 7 0 1 5 5 -6 15 -5 50 2 
1 50 10 1 5 -10 3 2 10 30 1 10 1 10 7 -3 0 10 15 1 9 20 7 0 1 5 5 -6 15 -5 50 2 
10 30 1 10 1 10 7 -3 1 15 10 1 5 -10 3 2 0 10 15 1 9 20 7 0 1 5 5 -6 15 -5 50 2 
11 10 1 -20 10 10 40 -8 -10 1 1 5 1 50 10 4 0 10 15 1 9 20 7 0 1 5 5 -6 15 -5 50 2 
1 10 9 -2 10 -5 0 12 1 10 4 40 8 1 2 4 0 10 15 1 9 20 7 0 1 5 5 -6 15 -5 50 2 
1 5 5 -6 15 -5 50 2 0 10 15 1 9 1 7 0 0 10 15 1 9 20 7 0 1 5 5 -6 15 -5 50 2 
0 20 15 1 9 1 7 0 1 50 5 -6 15 -5 50 0 10 15 1 9 23 7 0 1 5 5 -6 15 -5 20 2 
1 10 4 40 8 1 2 4 0 10 15 1 9 1 7 20 0 10 15 1 9 2 7 0 1 5 5 -6 15 -5 10 2 
-10 1 1 5 1 50 10 4 1 5 5 -6 15 -5 50 0 10 15 1 9 0 7 0 1 5 5 -6 15 -5 5 2 
1 15 10 1 5 -10 3 2 1 20 9 -2 10 -5 0 0 10 15 1 9 12 7 0 1 5 5 -6 15 -5 0 2 
40 30 1 10 1 10 7 -3 11 10 1 -20 10 40 50 -8 0 10 15 1 9 20 7 0 1 5 5 -6 15 -5 50 2 
11 10 1 -10 10 10 50 -8 10 30 1 10 1 10 7 -3 0 10 15 1 9 20 7 0 1 5 5 -6 15 -5 50 2 
1 10 9 -2 10 -5 0 12 1 15 40 1 5 -10 3 2 80 10 15 1 9 20 7 0 1 5 5 -6 15 -5 50 2 
1 5 5 -6 15 -5 50 2 -10 1 1 5 1 50 10 8 0 10 15 1 9 20 7 1 1 6 5 -6 15 -5 50 2 
0 10 15 1 9 20 7 0 1 5 5 -6 15 -5 50 2  0 10 15 1 9 20 7 2 1 5 9 -6 15 -5 8 2 
1 10 4 40 8 1 2 4 1 10 50 -2 10 -5 0 12 0 10 15 1 9 20 7 6 1 5 5 -6 15 -5 50 2 
-10 1 1 5 1 50 10 4 11 10 1 -20 10 10 50 -8 0 10 15 1 9 20 7 0 1 5 5 -6 15 -5 50 2 
1 50 10 1 5 -10 3 2 10 30 1 10 1 10 7 -3 0 10 15 1 9 8 7 9 1 5 5 -6 15 -5 50 2 
10 30 1 10 1 10 7 -3 1 15 10 1 5 -10 3 2 0 10 15 1 9 -5 7 23 1 0 5 -6 15 -5 50 2 
11 10 1 -20 10 10 40 -8 -10 1 1 5 1 50 10 4 0 10 15 1 -2 20 7 0 1 5 5 -6 15 -5 50 2 
1 10 9 -2 10 -5 0 12 1 10 4 40 8 1 2 4 0 10 15 1 9 20 7 26 1 5 5 -6 15 -5 50 2 
1 5 5 -6 15 -5 50 2 0 10 15 1 9 1 7 0 4 10 15 1 9 20 7 9 1 5 5 -6 15 -5 50 2 
0 20 15 1 9 1 7 0 1 50 5 -6 15 -5 50 8 10 15 1 9 20 7 23 1 5 14 -6 15 -5 50 2 
1 10 4 40 8 1 2 4 0 10 15 1 9 1 7 20 1 10 15 1 9 20 7 4 1 5 5 -0 15 -5 50 2 
-10 1 1 5 1 50 10 4 1 5 5 -6 15 -5 50  -6 10 15 1 9 -5 7 0 1 5 5 -6 10 -5 50 2 
1 15 10 1 5 -10 3 2 1 20 9 -2 10 -5 0 24 10 15 1 9 2 7 0 1 5 5 -6 15 -5 50 2 
40 30 1 10 1 10 7 -3 11 10 1 -20 10 40 50 -8 0 10 15 1 9 20 7 0 1 5 10 -6 1 -5 50 2 
11 10 1 -10 10 10 50 -8 10 30 1 10 1 10 7 -3 0 10 15 1 9 20 7 0 1 5 5 -6 1 -5 5 2 
1 10 9 -2 10 -5 0 12 1 15 40 1 5 -10 3 2 0 10 15 1 9 20 7 0 1 5 5 -6 15 -5 50 2 
1 5 5 -6 15 -5 50 2 -10 1 1 5 1 50 10 8 0 10 15 1 9 20 7 0 1 5 5 -6 15 -5 50 2 
1 10 9 -2 10 -5 0 12 1 10 4 40 8 1 2 4 0 10 15 1 9 20 7 26 1 5 5 -6 15 -5 50 2 
1 5 5 -6 15 -5 50 2 0 10 15 1 9 1 7 0 4 10 15 1 9 20 7 9 1 5 5 -6 15 -5 50 2 
0 20 15 1 9 1 7 0 1 50 5 -6 15 -5 50 8 10 15 1 9 20 7 23 1 5 14 -6 15 -5 50 2 
1 10 4 40 8 1 2 4 0 10 15 1 9 1 7 20 1 10 15 1 9 20 7 4 1 5 5 -0 15 -5 50 2 
-10 1 1 5 1 50 10 4 1 5 5 -6 15 -5 50  -6 10 15 1 9 -5 7 0 1 5 5 -6 10 -5 50 2 
1 15 10 1 5 -10 3 2 1 20 9 -2 10 -5 0 24 10 15 1 9 2 7 0 1 5 5 -6 15 -5 50 2 
40 30 1 10 1 10 7 -3 11 10 1 -20 10 40 50 -8 0 10 15 1 9 20 7 0 1 5 10 -6 1 -5 50 2 
11 10 1 -10 10 10 50 -8 10 30 1 10 1 10 7 -3 0 10 15 1 9 20 7 0 1 5 5 -6 1 -5 5 2 
1 10 9 -2 10 -5 0 12 1 15 40 1 5 -10 3 2 0 10 15 1 9 20 7 0 1 5 5 -6 15 -5 50 2 
1 5 5 -6 15 -5 50 2 -10 1 1 5 1 50 10 8 0 10 15 1 9 20 7 0 1 5 5 -6 15 -5 50 2 
40 30 1 10 1 10 7 -3 11 10 1 -20 10 40 50 -8 0 10 15 1 9 20 7 0 1 5 10 -6 1 -5 50 2 
11 10 1 -10 10 10 50 -8 10 30 1 10 1 10 7 -3 0 10 15 1 9 20 7 0 1 5 5 -6 1 -5 5 2 
1 10 9 -2 10 -5 0 12 1 15 40 1 5 -10 3 2 0 10 15 1 9 20 7 0 1 5 5 -6 15 -5 50 2 
1 5 5 -6 15 -5 50 2 -10 1 1 5 1 50 10 8 0 10 15 1 9 20 7 0 1 5 5 -6 15 -5 50 2 